                                  ID_SITE LATITUDE LONGITUDE  ELEV MIN_EST_AGE MAX_EST_AGE NUM_DATING NUM_SAMP
Cygnet                                  1    44.66   -110.61  2530       46.36    16796.80         12      668
Slough Creek Pond                       2    44.91   -110.34  1884       40.29    14682.00          7      567
Burnt Knob                              3    45.70   -114.98  2250       32.95    15036.57         13      367
Baker                                   4    45.89   -114.26  2300       28.33    14340.74         14      387
Hoodoo                                  5    46.32   -114.65  1770       47.00    11739.00          7      435
Pintlar                                 6    45.84   -113.44  1921      152.96    14732.19          8      971
Foy                                     7    48.16   -114.35  1006      -46.00    13133.76         16     1801
Bolan                                   8    42.02   -123.46  1637        0.00    14544.67         11      790
Bluff                                   9    41.34   -122.55  1921      257.18    15251.44          8      310
Cedar                                  10    41.20   -122.49  1740      779.00    11544.00          7      331
Crater Lake CA                         11    41.38   -122.57  2288        0.00     8401.34          6      420
Mumbo                                  12    41.19   -122.50  1860       33.72    15212.64          7      252
Trail                                  13    44.28   -110.17  2362        0.00     8050.12          7      990
Lost                                   14    45.82   -123.57   449        1.00     8380.22          7      446
Taylor                                 16    46.10   -123.90     6        1.02     4595.54          5      329
Abalone Rocks Marsh                    17    33.95   -119.97    31        0.06     6034.00         23       32
Beach                                  18    65.21   -127.05    81        6.06     3132.61          2       22
Beef Pasture                           19    37.41   -108.15  3060      -26.60     6166.83         21       32
Como                                   21    37.55   -105.50  3523      -39.00    14659.61          6       31
Crane                                  22    36.71   -112.21  2590      144.20    13834.60          7       23
Excelsior Basin                        23    52.78   -117.11  2631     1589.20     9478.80          4       18
Forest Pond 1                          25    43.47   -109.93  2797      -25.18     9696.19          9       23
Forest Pond 2                          26    43.43   -109.95  2766      192.16     9850.61          9       26
Frying Pan                             27    38.61   -111.66  2720      271.15    10131.90         11       17
Head                                   28    37.69   -105.73  2294       17.30    15818.46         11       18
Howes Prairie Marsh                    29    41.65    -87.07   185      -21.62     3492.49          8       17
Maligne Lake                           30    52.73   -117.61  1675      -30.00     9001.55          6       34
Montezuma Well                         31    34.00   -112.00  1125      -20.54    12856.38         15       69
Ninisith Lake                          32    59.58   -113.00   225      -38.00      553.40          2       96
Park Pond 1                            33    43.46   -109.95  2705      105.36     5086.93          5       21
Park Pond 2                            34    43.45   -109.94  2714       35.27    12152.18          9       28
Park Pond 3                            35    43.45   -109.92  2739      566.33    12555.99          9       35
Posy Lake                              36    37.95   -111.70  2653       17.32     9750.53         10       21
San Joaquin Marsh                      39    33.65   -117.85     2       -8.30     7723.30         12       47
Swamp Lake                             40    37.95   -119.81  1554      -22.10    19068.90          8       60
Tonquin Creek                          41    52.73   -118.36  1935      393.70    11202.40          7       25
Wilcox Pass                            42    52.24   -117.21  2355      -19.60    12666.80          6       31
Dog Lake                               51    50.76   -116.10  1183      -44.00    10268.00          5      235
Frozen                                 52    49.60   -121.46  1180      -47.00    12344.10          0      241
Mount Barr Cirque                      53    49.26   -121.51  1376      -48.00     7658.60          0      298
Martins                                54    47.71   -123.54  1415      112.81    12006.54          8       45
Moose                                  55    47.88   -123.35  1508        0.00    10241.45         12       36
Quilichao-1                            77     3.10    -76.51  1020       -9.00    14152.00         10      118
La-Teta-2                              78     3.08    -76.53  1020      -25.00     9892.00          8       35
El Patia-1                             79     2.03    -77.00   760      -56.34     9218.81          9       82
Laguna Las Margaritas                  81     3.38    -73.43   290      338.59    11153.24         12      185
Dune Lake                              91    64.41   -149.90   134      -46.00     9218.77         14      373
Alamo Bog                             115    35.91   -106.58  2630      108.00     6519.00          0      104
Chihuahueos Bog                       116    36.04   -106.50  2925        0.00    15612.26          7      397
Lac Francis                           121    48.52    -79.47   305      -50.00     7253.00         15      293
Pas-de-Fond                           123    48.80    -78.83   290      -47.00     7412.00         12      319
Patterson Lake                        127    41.38   -120.22  2743       39.19    12252.08         16      215
Lily Lake                             128    41.97   -120.20  2042      -33.61    12180.19         11      857
Dead Horse Lake                       129    42.56   -120.77  2248      -15.89    16201.91          6      208
Coast Trail Pond                      132    37.98   -122.80   230      -52.00    16149.48          3      483
DeHerrera Lake                        133    37.74   -107.70  3343      -50.00    13321.85          6      324
Hunter's Lake                         134    37.60   -106.84  3516      -42.00    14218.00          8     1427
Jicarita Bog                          135    36.07   -105.58  3207      101.00     6501.00          7      213
Little Molas Lake                     136    37.74   -107.70  3370        0.00    11412.00          7      424
Siesta Lake                           179    37.85   -119.66  2430      110.00    13242.00          4      238
LR1                                   180    58.58    -75.25   170      125.00     7489.00          5       21
EC1                                   181    56.28    -75.10   250        0.00     7006.00          5       33
GB2                                   182    55.10    -75.28   300        0.00     7211.00          5       58
Ferry Lake                            183    46.01    -92.13    25      -45.00     2301.66          5      245
Laguna Zoncho                         189     8.81    -82.96  1190      -47.00     3265.75          4       30
Bao                                   190    19.06    -71.03  1775       -3.76     4058.71          9       34
Curt Pond                             191    36.90    -84.03   336      -47.00      388.00          5       26
Cliff Palace Pond                     192    37.52    -83.92   424      -46.00    10769.50          7       32
Horse Cove Bog                        193    35.04    -83.15   887      -45.00     3936.00          9        9
Mound G Pond_Shiloh Indian Mounds     194    35.14    -88.20   143       23.00     1653.00          4       23
Cahaba Pond                           195    33.50    -86.53   204      609.00    10077.00          8       14
Tuskegee Pond                         196    35.58    -84.21   240      -29.00     1358.20          4       21
Black Pond                            197    35.62    -84.18   262      -24.00     2825.60          3       40
East Sooke Fen                        198    48.35   -123.68   155      -44.00    13684.59          5       92
Pixie                                 199    48.59   -124.19    70      -44.00    15334.69          9      108
Whyac                                 200    48.67   -124.84    15      -33.00    16599.42          6       45
Porphyry                              201    48.90   -123.83  1100      -47.00    14978.73          4       56
Walker                                202    48.52   -124.00   950      -46.00    15398.29          5       53
Albion                                205    45.67    -71.32   320      -50.00    13229.00         12       53
Castor                                206    46.61    -72.99   220      294.00    11024.00          8       34
Desautels                             207    49.45    -73.25   480      125.00    10417.00          5       29
Dolbeau                               208    48.96    -65.95   965      384.00    11094.00          7      112
J'Arrive                              209    49.24    -65.37    56      222.00    13437.00          7       67
Madeleine                             210    47.66    -70.71   800      299.00     8821.00          5       21
Neume                                 211    47.58    -77.11   363      243.00     9606.00          5       32
Spearman                              212    46.54    -78.50   368      161.00    10353.00          5       30
Yamaska                               213    45.45    -72.87   265      104.00    10523.00          8       23
Yelle                                 214    48.50    -79.63   356      114.00     8969.00          4       19
Jackfish                              216    63.02   -136.47   655       49.60    12934.30          3      113
Jan                                   217    66.03   -147.55   223      275.20    13399.71         19      206
Oops                                  218    65.44   -147.63   488      -50.00     6410.95          5      184
Sands of Time                         219    66.03   -147.55   223      109.91    15195.13         11       14
7-M                                   225    62.50   -113.72   213      -47.00     6830.88         13      525
Deuce                                 228    66.05   -148.16   170      -45.00     1268.66         11       64
Battle Ground Lake                    256    45.80   -122.49   154      -54.00    14290.90          9     1275
Sharkey                               263    44.59    -93.41   305      -34.00    13037.00         10      261
Kimble                                264    44.22    -93.84   309      -47.00    12340.00         10      192
Rice                                  265    48.00   -101.53   620       -9.00    10424.00         10      372
Coldwater                             266    46.01    -99.06   594      -48.00    11670.00         10      460
Lake Miragoane                        267    18.40    -73.05    20       -1.00    12188.00         12       68
Cooley                                268    49.49   -117.64  1515      -50.00     7501.45          7      521
Rockslide                             269    49.55   -117.52  1539      -55.00     4970.71          6      393
Upper Rocket Creek Bog                271    47.04   -115.88  1710       36.00     9921.00         11      121
Lago Chirrip                          277     9.00    -83.00  3520      -20.00     5493.00          4       31
ELA-320 Lake                          282    49.50    -93.50   370      -42.00     8936.55         13      401
LB1                                   291    57.91    -75.61   234        0.00     7124.00          0       30
Northwest Lake                        296    52.50    -94.00   331       23.29     8697.57          5      238
Lac Hertel                            312    45.68    -74.05    75        0.00    12986.00         13      152
Nicole Lake                           339    62.90   -114.81   300      -46.00     7963.59          9      436
Scotty Lake                           341    54.71   -101.68   305      -48.00     8110.88         15      383
Sky Lake                              342    56.48    -94.78   145      -48.00     7478.24         22      329
Lake Wodehouse                        345     7.65    -77.55   500       21.00     5108.00          8       23
Cana Swamp                            352     7.75    -77.58   500      -38.00     4218.00          3       16
La Yeguada                            357     8.45    -80.85   650      344.20    17018.20         10       78
Lago de las Morrenas 1                358     9.48    -83.48  3480       70.26    11549.10          7       30
Turtle                                362    49.32   -124.95    80      -50.00    12087.69          5      102
Boomerang                             363    49.18   -124.15   360      642.44    13422.22          7       53
Enos                                  364    49.28   -124.15    50       68.49    16030.64         10      100
Lac  l'Ange                           365    47.46    -70.40   648       37.13    12839.51          9       18
Lac Diana                             366    60.98    -69.95   114       10.00     7609.00          4       11
Lac Marcotte                          367    47.07    -71.42   503       50.00    10933.09          7       20
St Franois                            369    48.29    -72.14   358       16.22    12681.31          5       21
Mont Valin                            371    48.61    -70.83   356      639.32    10491.52          4       16
Ely                                   382    41.76    -75.83   384        0.80     5542.68          0      106
Lac Rond                              383    46.00    -74.00   360      318.00    12874.00          0       79
Pout Pond                             384    43.42    -71.50   232      552.00     5809.10          0       28
Round Pond                            385    44.00    -74.00   548      120.00    11891.00          0       69
Basin                                 386    44.40    -70.50   125      -34.00     1678.00          0     1713
Crawford                              387    44.00    -80.00   279      -37.00     2011.00          0     2049
Beaver                                388    42.47   -100.67   900       36.00     6264.70          0       37
Dark                                  389    45.20    -95.20   335      -42.00     8558.00          0       57
Deming                                390    47.20    -97.20   464      740.00     9148.00          0       90
Fish                                  391    43.85    -95.04   423      -43.20    14588.00          0       97
Hell's Kitchen                        392    46.20    -89.60   500     1200.00    11263.00          0       58
Kettle                                393    48.61   -103.62   610      -46.00    12730.00          0     2036
Moon                                  394    46.85    -98.15   456      -33.00    13570.00         17      188
Reservoir                             396    45.13   -113.46  2161      -47.00    14145.00          0      101
McGinnis                              398    44.60    -78.03   256      -49.00    10038.00         16      193
Petit Bouchard                        399    48.85    -64.60   145        2.00    11128.00         12      314
Lac aux Atocas                        400    45.53    -73.31   114      100.00    12450.00          5       36
Lac Caribou                           401    48.19    -64.94   116      218.00    12519.00          7       27
Lac Clo                               402    48.49    -79.35   280      915.00     8465.00          4       18
Lac Daumont                           403    54.88    -69.40   607      600.00     6615.00          5       17
Lac Delorme                           404    54.43    -69.92   538      631.10     6454.31          6       24
Lac  Euloge                           405    49.24    -65.37    83      199.00    11402.00          8       37
Lac Gabriel                           406    48.28    -73.47   250      222.00     8702.00          7       29
Lac  Lonard                           407    49.20    -65.81    17      694.14    12040.85          6       25
Lac  la Main                          408    47.70    -70.62   730      376.00    10912.00          6       36
Lac Martini                           409    47.47    -72.76   242      100.00     9022.37          6       25
Lac  la Montagne Ronde                410    48.32    -68.56   150      100.00    10964.29          7       34
Lac Ouellet                           411    47.53    -68.94   300      229.00    12878.00          4       32
Lac Perdu                             412    49.17    -66.32   152      168.79    11242.13          7       38
Lac Pessire                           413    49.50    -79.24   280      -47.00     7598.00          7      578
Triangle                              414    48.71    -65.41   465      115.00    11170.00          8      341
Lac Flvy                              415    48.21    -71.21   381      100.00    11527.00          3       29
Lake Pata                             432     0.26    -66.06   300       51.00    46303.00         12       66
Laguna Volcan                         457     8.75    -82.68  1500       85.00     3098.00          4       34
Hidden                                470    40.51   -106.61  2710      -30.56     2162.61          3      200
South Fork Payette                    471    44.20   -115.50  1984        1.00     4000.00          0     4000
NE Yellowstone National Park          472    45.00   -110.00  2250        0.00     3500.00          0     3501
East Lake                             474    37.17   -119.02  2863        8.00    14634.00          5      278
Brenda Lake                           491    62.35   -119.19   207      -41.32     1804.02          8       70
Andy Lake                             492    61.95   -109.81   360      -47.00     4475.03          7       72
Jason                                 493    61.68   -107.78   120      -46.00     3137.73          7       68
Corral Lake                           494    57.32   -100.85    75      -45.00     3348.73          6       95
Two Hill Lake                         495    55.98    -97.28   200      -48.00      932.13         22       62
OK Lake                               496    54.80    -95.25   108      -45.00     3189.66         14       87
Lily Pond Warwick                     512    42.68    -72.33   269      -12.62      726.55          6       10
Otter Pond                            513    42.65    -72.53   107      -44.00     1011.26          4       22
Aino Pond                             514    42.68    -71.92   354      -30.84     1170.35          7       13
Little Pond Bolton                    515    42.42    -71.58    99      -44.00     3676.63          6       28
Green Pond                            516    42.56    -72.51    80      -15.50      414.16          5       10
LG4-01                                517    54.03    -72.87   470      578.00     6324.00          5       15
LG4-05                                518    54.06    -72.91   350      379.00     5832.00          5       18
LG4-06                                519    54.07    -72.94   365      100.00     6824.00          8       33
LG4-09                                520    54.90    -72.77   442      200.00     6525.92          6       22
LG4-12                                521    52.84    -73.31   534      236.61     6795.40          6       27
Steel Lake                            543    46.96    -94.68   425      298.00     9604.00         14      115
West Olaf Lake                        544    46.61    -96.18   402       42.00     8888.00          0      169
Nelson Lake                           545    41.83    -88.38   211     2057.00     9990.00          7      117
Chatsworth Bog                        546    40.67    -88.32   290     2585.00     9981.00          0      110
Lake Chignahuapan                     552    19.16    -99.53  2570     1346.00    28411.00          6       53
Lago Verde                            553    18.61    -95.34   149      -50.00     2271.00          1       30
Sacramento Mountains                  555    32.84   -105.70  2400        0.00     8165.00         82     8166
Lake Tulane                           557    27.58    -81.50    35      -15.00    47293.00          0       51
Lac aux Geais                         582    49.89    -78.65   280       15.00     7172.00          0      466
Lac Profond                           583    49.86    -78.61   270       10.00     7959.00          0      603
Lac Raynald                           584    49.80    -78.53   250       11.00     4113.00          0      416
Lac  la Loutre                        585    49.71    -78.33   274       40.00     7909.00          0      427
Bao-1                                 621    19.06    -71.03  1775        7.00     4101.00         13       33
Crevice Lake                          623    45.00   -110.57  1713       42.00     2422.00          6      252
Little Lake                           769    44.16   -123.58   703      -10.95    21025.96          6     1575
Amont                                 851    53.73    -74.38   335      -50.00     4834.95         12       91
Aval                                  852    53.41    -73.86   335      -55.35     5467.96         14      130
Lac des Ilets                         854    48.19    -71.24   120       57.11     8612.33          6      133
Beaver2                               889    44.91   -123.30    69      -55.00    11187.16          0     1440
Laguna Verde                         1061    13.89    -89.78  1600      -28.00     8060.00          6       28
Laguna Cuzcachapa                    1062    13.98    -89.68   709       14.00     3475.00          6       27
Laguna Llana del Espino              1063    13.95    -89.52   700      -68.00     4678.00          5       28
Laguna Santa Elena                   1064     8.56    -82.56  1100      -59.00     1679.00          7       25
Laguna Pompal                        1068    18.37    -94.95   700      -36.00     4820.00          7       34
Lower Gaylor Lake                    1077    37.90   -119.28  3062      170.40    11849.00          0      510
Barrett Lake                         1078    37.59   -119.00  2816      -21.20     9266.00          0      246
Crevice Lake freeze core             1090    45.00   -110.57  1713      -52.00       49.40          0      108
Graham lake                          1092    45.18    -77.35   381      133.21    12707.00          6      381
High lake                            1093    44.51    -76.60   192        9.95    12656.00          8      691
Binnewater                           1099    41.41    -74.55   256      -49.95    21879.67          7       63
Hyde Park                            1100    41.78    -73.89    74    14587.00    22835.20          3       11
Foy Freeze Core                      1120    48.16   -114.35  1006      -50.67       66.46          0       90
Aguada de Petapilla                  1121    14.86    -89.12   710        7.37     6514.76          9       56
Cantarrana                           1122    10.43    -84.00    36      -36.00     3477.00          6       24
Three Creeks                         1128    44.09   -121.62  1996      -45.42    16391.46          0      521
Todd Lake                            1129    44.02   -121.68  1875      -74.60     7695.52          0      572
Tumalo Lake                          1130    44.02   -121.54  1536      -15.90    12809.56          0     1035
Bulter Lake                          1131    43.66    -88.13   316      -49.64    14861.47          0      848
Seven Lake                           1132    43.61    -88.14   396      -54.96    11049.42          0      667
Laguna Bonillita                     1133     9.99    -83.61   450      -11.43     2652.04          7       36
Charco Verde                         1143    11.47    -85.63 -9999      -45.81     1311.77          7      108
Cambell Lake CA                      1145    41.53   -123.10  1750      -53.00    14013.00         27      438
Sanger Lake CA                       1146    41.90   -123.64  1547      -53.00    14412.00         30      607
Taylor Lake CA                       1147    41.36   -122.96  1979      -53.00    14298.00         40      499
Upper Squaw Lake                     1148    42.03   -123.01   930      -57.00     1937.76          0      680
Wildcat Lake                         1155    37.96   -122.78    67        5.90     3329.30          0      349
Glenmire                             1156    37.99   -122.77   399      -46.20     6485.00          0      220
Salvador                             1158    18.79    -70.88   990      -54.00     1871.39          0       33
Castilla                             1159    18.79    -70.87   976      -53.00     2248.47          0       66
Lake Oswego                          1160    45.41   -122.66    30      -55.00     3320.00         15      362
Porter Lake                          1161    44.44   -123.24    73      -55.00      219.63          1      108
Warner Lake                          1162    44.24   -122.95   590      -56.33      875.30         14      400
Five Lakes                           1170    48.08   -118.92   780        0.00     1525.40          5       30
                                  ID_SITE LATITUDE LONGITUDE  ELEV MIN_EST_AGE MAX_EST_AGE NUM_DATING NUM_SAMP
Cygnet                                  1    44.66   -110.61  2530       46.36    16796.80         12      668
Slough Creek Pond                       2    44.91   -110.34  1884       40.29    14682.00          7      567
Burnt Knob                              3    45.70   -114.98  2250       32.95    15036.57         13      367
Baker                                   4    45.89   -114.26  2300       28.33    14340.74         14      387
Hoodoo                                  5    46.32   -114.65  1770       47.00    11739.00          7      435
Pintlar                                 6    45.84   -113.44  1921      152.96    14732.19          8      971
Foy                                     7    48.16   -114.35  1006      -46.00    13133.76         16     1801
Bolan                                   8    42.02   -123.46  1637        0.00    14544.67         11      790
Bluff                                   9    41.34   -122.55  1921      257.18    15251.44          8      310
Cedar                                  10    41.20   -122.49  1740      779.00    11544.00          7      331
Crater Lake CA                         11    41.38   -122.57  2288        0.00     8401.34          6      420
Mumbo                                  12    41.19   -122.50  1860       33.72    15212.64          7      252
Trail                                  13    44.28   -110.17  2362        0.00     8050.12          7      990
Lost                                   14    45.82   -123.57   449        1.00     8380.22          7      446
Taylor                                 16    46.10   -123.90     6        1.02     4595.54          5      329
Abalone Rocks Marsh                    17    33.95   -119.97    31        0.06     6034.00         23       32
Beach                                  18    65.21   -127.05    81        6.06     3132.61          2       22
Beef Pasture                           19    37.41   -108.15  3060      -26.60     6166.83         21       32
Como                                   21    37.55   -105.50  3523      -39.00    14659.61          6       31
Crane                                  22    36.71   -112.21  2590      144.20    13834.60          7       23
Excelsior Basin                        23    52.78   -117.11  2631     1589.20     9478.80          4       18
Forest Pond 1                          25    43.47   -109.93  2797      -25.18     9696.19          9       23
Forest Pond 2                          26    43.43   -109.95  2766      192.16     9850.61          9       26
Frying Pan                             27    38.61   -111.66  2720      271.15    10131.90         11       17
Head                                   28    37.69   -105.73  2294       17.30    15818.46         11       18
Howes Prairie Marsh                    29    41.65    -87.07   185      -21.62     3492.49          8       17
Maligne Lake                           30    52.73   -117.61  1675      -30.00     9001.55          6       34
Montezuma Well                         31    34.00   -112.00  1125      -20.54    12856.38         15       69
Ninisith Lake                          32    59.58   -113.00   225      -38.00      553.40          2       96
Park Pond 1                            33    43.46   -109.95  2705      105.36     5086.93          5       21
Park Pond 2                            34    43.45   -109.94  2714       35.27    12152.18          9       28
Park Pond 3                            35    43.45   -109.92  2739      566.33    12555.99          9       35
Posy Lake                              36    37.95   -111.70  2653       17.32     9750.53         10       21
San Joaquin Marsh                      39    33.65   -117.85     2       -8.30     7723.30         12       47
Swamp Lake                             40    37.95   -119.81  1554      -22.10    19068.90          8       60
Tonquin Creek                          41    52.73   -118.36  1935      393.70    11202.40          7       25
Wilcox Pass                            42    52.24   -117.21  2355      -19.60    12666.80          6       31
Dog Lake                               51    50.76   -116.10  1183      -44.00    10268.00          5      235
Frozen                                 52    49.60   -121.46  1180      -47.00    12344.10          0      241
Mount Barr Cirque                      53    49.26   -121.51  1376      -48.00     7658.60          0      298
Martins                                54    47.71   -123.54  1415      112.81    12006.54          8       45
Moose                                  55    47.88   -123.35  1508        0.00    10241.45         12       36
Quilichao-1                            77     3.10    -76.51  1020       -9.00    14152.00         10      118
La-Teta-2                              78     3.08    -76.53  1020      -25.00     9892.00          8       35
El Patia-1                             79     2.03    -77.00   760      -56.34     9218.81          9       82
Laguna Las Margaritas                  81     3.38    -73.43   290      338.59    11153.24         12      185
Dune Lake                              91    64.41   -149.90   134      -46.00     9218.77         14      373
Alamo Bog                             115    35.91   -106.58  2630      108.00     6519.00          0      104
Chihuahueos Bog                       116    36.04   -106.50  2925        0.00    15612.26          7      397
Lac Francis                           121    48.52    -79.47   305      -50.00     7253.00         15      293
Pas-de-Fond                           123    48.80    -78.83   290      -47.00     7412.00         12      319
Patterson Lake                        127    41.38   -120.22  2743       39.19    12252.08         16      215
Lily Lake                             128    41.97   -120.20  2042      -33.61    12180.19         11      857
Dead Horse Lake                       129    42.56   -120.77  2248      -15.89    16201.91          6      208
Coast Trail Pond                      132    37.98   -122.80   230      -52.00    16149.48          3      483
DeHerrera Lake                        133    37.74   -107.70  3343      -50.00    13321.85          6      324
Hunter's Lake                         134    37.60   -106.84  3516      -42.00    14218.00          8     1427
Jicarita Bog                          135    36.07   -105.58  3207      101.00     6501.00          7      213
Little Molas Lake                     136    37.74   -107.70  3370        0.00    11412.00          7      424
Siesta Lake                           179    37.85   -119.66  2430      110.00    13242.00          4      238
LR1                                   180    58.58    -75.25   170      125.00     7489.00          5       21
EC1                                   181    56.28    -75.10   250        0.00     7006.00          5       33
GB2                                   182    55.10    -75.28   300        0.00     7211.00          5       58
Ferry Lake                            183    46.01    -92.13    25      -45.00     2301.66          5      245
Laguna Zoncho                         189     8.81    -82.96  1190      -47.00     3265.75          4       30
Bao                                   190    19.06    -71.03  1775       -3.76     4058.71          9       34
Curt Pond                             191    36.90    -84.03   336      -47.00      388.00          5       26
Cliff Palace Pond                     192    37.52    -83.92   424      -46.00    10769.50          7       32
Horse Cove Bog                        193    35.04    -83.15   887      -45.00     3936.00          9        9
Mound G Pond_Shiloh Indian Mounds     194    35.14    -88.20   143       23.00     1653.00          4       23
Cahaba Pond                           195    33.50    -86.53   204      609.00    10077.00          8       14
Tuskegee Pond                         196    35.58    -84.21   240      -29.00     1358.20          4       21
Black Pond                            197    35.62    -84.18   262      -24.00     2825.60          3       40
East Sooke Fen                        198    48.35   -123.68   155      -44.00    13684.59          5       92
Pixie                                 199    48.59   -124.19    70      -44.00    15334.69          9      108
Whyac                                 200    48.67   -124.84    15      -33.00    16599.42          6       45
Porphyry                              201    48.90   -123.83  1100      -47.00    14978.73          4       56
Walker                                202    48.52   -124.00   950      -46.00    15398.29          5       53
Albion                                205    45.67    -71.32   320      -50.00    13229.00         12       53
Castor                                206    46.61    -72.99   220      294.00    11024.00          8       34
Desautels                             207    49.45    -73.25   480      125.00    10417.00          5       29
Dolbeau                               208    48.96    -65.95   965      384.00    11094.00          7      112
J'Arrive                              209    49.24    -65.37    56      222.00    13437.00          7       67
Madeleine                             210    47.66    -70.71   800      299.00     8821.00          5       21
Neume                                 211    47.58    -77.11   363      243.00     9606.00          5       32
Spearman                              212    46.54    -78.50   368      161.00    10353.00          5       30
Yamaska                               213    45.45    -72.87   265      104.00    10523.00          8       23
Yelle                                 214    48.50    -79.63   356      114.00     8969.00          4       19
Jackfish                              216    63.02   -136.47   655       49.60    12934.30          3      113
Jan                                   217    66.03   -147.55   223      275.20    13399.71         19      206
Oops                                  218    65.44   -147.63   488      -50.00     6410.95          5      184
Sands of Time                         219    66.03   -147.55   223      109.91    15195.13         11       14
7-M                                   225    62.50   -113.72   213      -47.00     6830.88         13      525
Deuce                                 228    66.05   -148.16   170      -45.00     1268.66         11       64
Battle Ground Lake                    256    45.80   -122.49   154      -54.00    14290.90          9     1275
Sharkey                               263    44.59    -93.41   305      -34.00    13037.00         10      261
Kimble                                264    44.22    -93.84   309      -47.00    12340.00         10      192
Rice                                  265    48.00   -101.53   620       -9.00    10424.00         10      372
Coldwater                             266    46.01    -99.06   594      -48.00    11670.00         10      460
Lake Miragoane                        267    18.40    -73.05    20       -1.00    12188.00         12       68
Cooley                                268    49.49   -117.64  1515      -50.00     7501.45          7      521
Rockslide                             269    49.55   -117.52  1539      -55.00     4970.71          6      393
Upper Rocket Creek Bog                271    47.04   -115.88  1710       36.00     9921.00         11      121
Lago Chirrip                          277     9.00    -83.00  3520      -20.00     5493.00          4       31
ELA-320 Lake                          282    49.50    -93.50   370      -42.00     8936.55         13      401
LB1                                   291    57.91    -75.61   234        0.00     7124.00          0       30
Northwest Lake                        296    52.50    -94.00   331       23.29     8697.57          5      238
Lac Hertel                            312    45.68    -74.05    75        0.00    12986.00         13      152
Nicole Lake                           339    62.90   -114.81   300      -46.00     7963.59          9      436
Scotty Lake                           341    54.71   -101.68   305      -48.00     8110.88         15      383
Sky Lake                              342    56.48    -94.78   145      -48.00     7478.24         22      329
Lake Wodehouse                        345     7.65    -77.55   500       21.00     5108.00          8       23
Cana Swamp                            352     7.75    -77.58   500      -38.00     4218.00          3       16
La Yeguada                            357     8.45    -80.85   650      344.20    17018.20         10       78
Lago de las Morrenas 1                358     9.48    -83.48  3480       70.26    11549.10          7       30
Turtle                                362    49.32   -124.95    80      -50.00    12087.69          5      102
Boomerang                             363    49.18   -124.15   360      642.44    13422.22          7       53
Enos                                  364    49.28   -124.15    50       68.49    16030.64         10      100
Lac  l'Ange                           365    47.46    -70.40   648       37.13    12839.51          9       18
Lac Diana                             366    60.98    -69.95   114       10.00     7609.00          4       11
Lac Marcotte                          367    47.07    -71.42   503       50.00    10933.09          7       20
St Franois                            369    48.29    -72.14   358       16.22    12681.31          5       21
Mont Valin                            371    48.61    -70.83   356      639.32    10491.52          4       16
Ely                                   382    41.76    -75.83   384        0.80     5542.68          0      106
Lac Rond                              383    46.00    -74.00   360      318.00    12874.00          0       79
Pout Pond                             384    43.42    -71.50   232      552.00     5809.10          0       28
Round Pond                            385    44.00    -74.00   548      120.00    11891.00          0       69
Basin                                 386    44.40    -70.50   125      -34.00     1678.00          0     1713
Crawford                              387    44.00    -80.00   279      -37.00     2011.00          0     2049
Beaver                                388    42.47   -100.67   900       36.00     6264.70          0       37
Dark                                  389    45.20    -95.20   335      -42.00     8558.00          0       57
Deming                                390    47.20    -97.20   464      740.00     9148.00          0       90
Fish                                  391    43.85    -95.04   423      -43.20    14588.00          0       97
Hell's Kitchen                        392    46.20    -89.60   500     1200.00    11263.00          0       58
Kettle                                393    48.61   -103.62   610      -46.00    12730.00          0     2036
Moon                                  394    46.85    -98.15   456      -33.00    13570.00         17      188
Reservoir                             396    45.13   -113.46  2161      -47.00    14145.00          0      101
McGinnis                              398    44.60    -78.03   256      -49.00    10038.00         16      193
Petit Bouchard                        399    48.85    -64.60   145        2.00    11128.00         12      314
Lac aux Atocas                        400    45.53    -73.31   114      100.00    12450.00          5       36
Lac Caribou                           401    48.19    -64.94   116      218.00    12519.00          7       27
Lac Clo                               402    48.49    -79.35   280      915.00     8465.00          4       18
Lac Daumont                           403    54.88    -69.40   607      600.00     6615.00          5       17
Lac Delorme                           404    54.43    -69.92   538      631.10     6454.31          6       24
Lac  Euloge                           405    49.24    -65.37    83      199.00    11402.00          8       37
Lac Gabriel                           406    48.28    -73.47   250      222.00     8702.00          7       29
Lac  Lonard                           407    49.20    -65.81    17      694.14    12040.85          6       25
Lac  la Main                          408    47.70    -70.62   730      376.00    10912.00          6       36
Lac Martini                           409    47.47    -72.76   242      100.00     9022.37          6       25
Lac  la Montagne Ronde                410    48.32    -68.56   150      100.00    10964.29          7       34
Lac Ouellet                           411    47.53    -68.94   300      229.00    12878.00          4       32
Lac Perdu                             412    49.17    -66.32   152      168.79    11242.13          7       38
Lac Pessire                           413    49.50    -79.24   280      -47.00     7598.00          7      578
Triangle                              414    48.71    -65.41   465      115.00    11170.00          8      341
Lac Flvy                              415    48.21    -71.21   381      100.00    11527.00          3       29
Lake Pata                             432     0.26    -66.06   300       51.00    46303.00         12       66
Laguna Volcan                         457     8.75    -82.68  1500       85.00     3098.00          4       34
Hidden                                470    40.51   -106.61  2710      -30.56     2162.61          3      200
South Fork Payette                    471    44.20   -115.50  1984        1.00     4000.00          0     4000
NE Yellowstone National Park          472    45.00   -110.00  2250        0.00     3500.00          0     3501
East Lake                             474    37.17   -119.02  2863        8.00    14634.00          5      278
Brenda Lake                           491    62.35   -119.19   207      -41.32     1804.02          8       70
Andy Lake                             492    61.95   -109.81   360      -47.00     4475.03          7       72
Jason                                 493    61.68   -107.78   120      -46.00     3137.73          7       68
Corral Lake                           494    57.32   -100.85    75      -45.00     3348.73          6       95
Two Hill Lake                         495    55.98    -97.28   200      -48.00      932.13         22       62
OK Lake                               496    54.80    -95.25   108      -45.00     3189.66         14       87
Lily Pond Warwick                     512    42.68    -72.33   269      -12.62      726.55          6       10
Otter Pond                            513    42.65    -72.53   107      -44.00     1011.26          4       22
Aino Pond                             514    42.68    -71.92   354      -30.84     1170.35          7       13
Little Pond Bolton                    515    42.42    -71.58    99      -44.00     3676.63          6       28
Green Pond                            516    42.56    -72.51    80      -15.50      414.16          5       10
LG4-01                                517    54.03    -72.87   470      578.00     6324.00          5       15
LG4-05                                518    54.06    -72.91   350      379.00     5832.00          5       18
LG4-06                                519    54.07    -72.94   365      100.00     6824.00          8       33
LG4-09                                520    54.90    -72.77   442      200.00     6525.92          6       22
LG4-12                                521    52.84    -73.31   534      236.61     6795.40          6       27
Steel Lake                            543    46.96    -94.68   425      298.00     9604.00         14      115
West Olaf Lake                        544    46.61    -96.18   402       42.00     8888.00          0      169
Nelson Lake                           545    41.83    -88.38   211     2057.00     9990.00          7      117
Chatsworth Bog                        546    40.67    -88.32   290     2585.00     9981.00          0      110
Lake Chignahuapan                     552    19.16    -99.53  2570     1346.00    28411.00          6       53
Lago Verde                            553    18.61    -95.34   149      -50.00     2271.00          1       30
Sacramento Mountains                  555    32.84   -105.70  2400        0.00     8165.00         82     8166
Lake Tulane                           557    27.58    -81.50    35      -15.00    47293.00          0       51
Lac aux Geais                         582    49.89    -78.65   280       15.00     7172.00          0      466
Lac Profond                           583    49.86    -78.61   270       10.00     7959.00          0      603
Lac Raynald                           584    49.80    -78.53   250       11.00     4113.00          0      416
Lac  la Loutre                        585    49.71    -78.33   274       40.00     7909.00          0      427
Bao-1                                 621    19.06    -71.03  1775        7.00     4101.00         13       33
Crevice Lake                          623    45.00   -110.57  1713       42.00     2422.00          6      252
Little Lake                           769    44.16   -123.58   703      -10.95    21025.96          6     1575
Amont                                 851    53.73    -74.38   335      -50.00     4834.95         12       91
Aval                                  852    53.41    -73.86   335      -55.35     5467.96         14      130
Lac des Ilets                         854    48.19    -71.24   120       57.11     8612.33          6      133
Beaver2                               889    44.91   -123.30    69      -55.00    11187.16          0     1440
Laguna Verde                         1061    13.89    -89.78  1600      -28.00     8060.00          6       28
Laguna Cuzcachapa                    1062    13.98    -89.68   709       14.00     3475.00          6       27
Laguna Llana del Espino              1063    13.95    -89.52   700      -68.00     4678.00          5       28
Laguna Santa Elena                   1064     8.56    -82.56  1100      -59.00     1679.00          7       25
Laguna Pompal                        1068    18.37    -94.95   700      -36.00     4820.00          7       34
Lower Gaylor Lake                    1077    37.90   -119.28  3062      170.40    11849.00          0      510
Barrett Lake                         1078    37.59   -119.00  2816      -21.20     9266.00          0      246
Crevice Lake freeze core             1090    45.00   -110.57  1713      -52.00       49.40          0      108
Graham lake                          1092    45.18    -77.35   381      133.21    12707.00          6      381
High lake                            1093    44.51    -76.60   192        9.95    12656.00          8      691
Binnewater                           1099    41.41    -74.55   256      -49.95    21879.67          7       63
Hyde Park                            1100    41.78    -73.89    74    14587.00    22835.20          3       11
Foy Freeze Core                      1120    48.16   -114.35  1006      -50.67       66.46          0       90
Aguada de Petapilla                  1121    14.86    -89.12   710        7.37     6514.76          9       56
Cantarrana                           1122    10.43    -84.00    36      -36.00     3477.00          6       24
Three Creeks                         1128    44.09   -121.62  1996      -45.42    16391.46          0      521
Todd Lake                            1129    44.02   -121.68  1875      -74.60     7695.52          0      572
Tumalo Lake                          1130    44.02   -121.54  1536      -15.90    12809.56          0     1035
Bulter Lake                          1131    43.66    -88.13   316      -49.64    14861.47          0      848
Seven Lake                           1132    43.61    -88.14   396      -54.96    11049.42          0      667
Laguna Bonillita                     1133     9.99    -83.61   450      -11.43     2652.04          7       36
Charco Verde                         1143    11.47    -85.63 -9999      -45.81     1311.77          7      108
Cambell Lake CA                      1145    41.53   -123.10  1750      -53.00    14013.00         27      438
Sanger Lake CA                       1146    41.90   -123.64  1547      -53.00    14412.00         30      607
Taylor Lake CA                       1147    41.36   -122.96  1979      -53.00    14298.00         40      499
Upper Squaw Lake                     1148    42.03   -123.01   930      -57.00     1937.76          0      680
Wildcat Lake                         1155    37.96   -122.78    67        5.90     3329.30          0      349
Glenmire                             1156    37.99   -122.77   399      -46.20     6485.00          0      220
Salvador                             1158    18.79    -70.88   990      -54.00     1871.39          0       33
Castilla                             1159    18.79    -70.87   976      -53.00     2248.47          0       66
Lake Oswego                          1160    45.41   -122.66    30      -55.00     3320.00         15      362
Porter Lake                          1161    44.44   -123.24    73      -55.00      219.63          1      108
Warner Lake                          1162    44.24   -122.95   590      -56.33      875.30         14      400
Five Lakes                           1170    48.08   -118.92   780        0.00     1525.40          5       30
